amount=50emission rate=0.02life=1.3fade=0.400000area=0.100000size=6.000000size variance=0.100000lux=trueweight=0.000000move=true,10.000000explode=false,0.000000scale=true,5.000000rotate=false,0.000000
speed=30
texture=Data/Images/Effects/cloud.png