amount=200emission rate=0.005life=2.8fade=0.700000area=0.100000size=20.000000size variance=2.000000lux=trueweight=0.0008move=true,55.000000explode=false,0.000000scale=true,2.000000rotate=false,0.000000
speed=15
texture=Data/Images/Effects/cloud.png