amount=1emission rate=0.0life=1fade=0.500000area=0.300000size=2.000000size variance=0.300000lux=trueweight=0.000000move=false,0.000000explode=false,0.000000scale=false,5.000000rotate=false,0.000000
speed=0texture=Data/Images/Effects/smoke.png
