amount=-1emission rate=0.1life=2fade=0.500000area=1.000000size=25.000000size variance=5.000000lux=trueweight=0.000000move=false,0.000000explode=false,0.000000scale=false,0.000000rotate=false,0.000000
speed=0
texture=Data/Images/Effects/engineblue.png