amount=100emission rate=0.002life=1fade=0.200000area=0.300000size=4.000000size variance=1.000000lux=falseweight=0.050000move=true,40.000000explode=false,0.000000scale=false,0.000000rotate=false,0.000000
speed=5
texture=Data/Images/Effects/seasplash.png